a = 1;
b = 2;
c = 3;
sum = a+b+c;
product = a*b*c;

a = [2 1 3 5 0; 0 6 8 1 2; 3 3 2 1 0];
v = a(2, : );
b = a( :, 2);

x = 50: 100;
b = [2 5 0 1; 0 0 0 0; 1 2 0 8; 0 5 6 1]
% 2nd and 3rd row of b 
% 1st to 3rd column of b


a = [ 1 2 3 4 5; 2 3 4 5 6; 3 4 5 6 7; 4 5 6 7 8];
a(2,5)

% eg2
a = [ 1 2 3 4 5; 2 3 4 5 6; 3 4 5 6 7; 4 5 6 7 8];
v = a(:,4)

%eg3
a = [ 1 2 3 4 5; 2 3 4 5 6; 3 4 5 6 7; 4 5 6 7 8];
a(:, 2:3)

%eg4
a = [ 1 2 3 4 5; 2 3 4 5 6; 3 4 5 6 7; 4 5 6 7 8];
sa = a(2:3,2:4)